41 2819 149 3354 5736 481 2124 6447 1602 5446 4589 5931 1762 
1749 3603 5467 5273 4415 196 1347 6311 4635 
1744 4898 1121 3059 6383 6084 3424 2099 958 3365 1818 5795 323 2664 2454 2506 4045 5099 2422 3624 1152 5736 2919 4036 5516 1803 4078 16 420 3245 5633 5935 2799 723 926 
1745 1084 2960 4087 4088 3294 1879 4707 4705 2203 4703 3794 508 2746 6166 4212 1273 3625 1319 3135 4704 2959 5732 3885 4155 3013 4133 4134 5306 5970 
1746 854 2238 4366 3360 5002 2842 5540 3950 1289 2237 1127 3231 340 5467 3691 3329 6306 3359 1891 6300 
1747 854 3667 4726 3470 6306 3588 3495 1289 3668 133 3357 1692 403 3045 
1740 4898 154 955 115 6381 4430 3419 5943 5310 5094 798 2666 2664 1444 3180 5802 188 910 3761 5163 6314 2449 3336 1283 4718 1971 5978 4588 720 1002 
1741 154 3712 1203 1202 133 132 799 5506 4786 5373 4220 4009 3553 3120 4125 4929 2666 2664 545 812 1316 3914 582 2603 1337 2449 2295 5088 1937 6155 1934 3368 5773 5776 5309 2123 2333 1432 6119 3564 4295 1826 5306 1537 6196 2675 2399 1764 1765 
1742 5099 856 5729 2731 2471 1163 16 3245 5736 403 6182 3059 5731 6183 
1743 3949 4898 5110 1289 5294 3495 552 133 5768 4454 1892 6313 4726 859 6066 403 324 325 6241 4860 3994 6300 4481 3836 522 2603 2449 5467 5046 5485 1127 4398 6306 5310 2558 5716 3889 4395 2397 1365 3989 
3308 5768 3903 1194 4024 3245 3646 2800 5375 4599 1582 794 6076 5982 5197 859 5096 5192 1503 651 3419 528 1449 2288 1097 1172 1092 5388 4881 920 247 2958 4607 2971 4545 1805 3795 4712 4441 4404 4011 108 1845 536 533 1247 3984 6056 
3309 3636 6103 3874 2824 533 5525 2679 
5494 2658 2124 313 1308 6032 3671 
5495 4874 4129 2881 3770 2429 6184 545 5306 4109 333 4704 2958 2959 3408 3297 2016 1657 6166 
3304 1623 5360 4518 3341 6166 4747 1966 1718 3734 5306 1438 3171 543 4704 2220 1515 1517 1031 2535 
3305 2658 5467 1856 491 5829 28 6066 2248 1312 1099 3407 5516 5591 5263 5611 6313 533 2060 824 2795 4898 3777 1082 6452 4650 2824 2548 6268 2664 4490 2442 3959 4621 3266 4758 4053 3394 3398 5574 2399 4068 3805 3750 2297 4186 3007 2806 4341 2882 6205 1582 5438 859 3363 731 2119 6047 403 3873 2588 4446 91 4607 5654 3207 19 5716 2896 3960 2861 154 3066 4454 1892 6148 6103 1194 6220 6020 2723 4318 3624 5736 70 5046 2971 4508 1805 6038 3987 358 
5490 4707 5360 2203 2960 4155 6132 2760 5234 4522 5306 5358 6019 4704 2958 2959 5352 
5491 5013 5616 5294 5876 1587 133 4400 4366 274 275 5138 6269 2052 1634 2544 3373 6286 2548 859 3697 5046 403 522 6241 4860 6306 2159 1350 4210 2603 2449 672 3331 4898 489 6066 5657 5485 6242 1881 4398 3428 4171 5719 2557 5716 1289 3507 6140 4978 3989 5705 684 2354 
1568 4080 4264 2618 6006 3233 2989 2132 1616 1569 4982 1466 2878 4335 3933 269 5775 5516 5716 3888 5306 4484 1582 809 
1569 3922 4080 4898 154 2728 3594 3805 2650 1265 1347 3530 6066 4650 4454 6148 3163 1582 6006 1677 3216 4281 2132 2874 4417 2548 4948 4125 3363 1568 5925 2664 4982 3976 505 4335 4274 2878 859 3933 3918 2618 5736 3876 2449 2184 269 1787 5775 5121 5516 3888 1466 2578 2557 5716 1602 5446 866 1616 809 533 5874 5699 6432 2354 2399 
1298 3904 604 4301 155 5716 3594 2650 190 4653 1484 5640 3302 3452 3233 3217 6418 4743 3120 4410 4388 5782 1691 505 2012 6006 2728 5736 267 3155 2184 59 93 5516 3544 5366 2557 2894 2572 6038 533 5874 2140 4854 
1299 2521 2659 1718 1496 3712 666 2650 5043 2967 867 4641 133 3724 2760 498 6249 4576 2084 3329 6084 491 3652 4684 1775 5587 3799 5583 1773 3250 4393 6066 4906 1370 346 4804 340 4289 4860 3055 2923 1551 3836 3495 5063 4733 5146 714 670 998 1319 1794 4563 5752 1957 1062 5756 5467 3406 5612 5260 1959 5516 2499 2999 1702 4904 4871 4936 2557 2316 632 16 5616 4647 3245 1657 5692 6313 4932 6311 2081 1666 1414 1381 1383 5013 3052 5002 197 3829 1127 6141 3143 274 5306 5769 5519 6283 5497 5762 5504 84 895 4800 5250 2540 3470 837 3380 2544 1850 3425 4726 5317 1857 2666 4496 2664 1034 522 2397 1402 6306 6300 5017 1739 3959 2449 3663 2603 1853 3950 3868 2764 3319 5778 4622 824 4540 5485 5121 5776 6000 2040 5327 2577 6430 5086 2029 6075 4959 3097 1246 649 1005 2399 880 5976 6079 516 3805 1735 5034 2297 576 859 1876 4466 1084 967 175 797 5133 854 2881 4538 6432 970 3691 5540 3774 3360 1734 3515 3363 1385 710 1039 6 403 6360 6168 6366 2548 4390 2623 3601 6351 6148 468 2016 3632 2423 4402 3633 1594 842 4015 738 4539 3726 3720 5105 1991 10 2211 189 1020 1188 1189 4527 5716 3374 1029 5349 6291 4072 6216 5795 500 4391 2514 5498 6056 4805 3296 1165 4366 2731 1207 1206 5119 2466 4240 4395 5524 5525 4767 5643 4661 3670 1892 2582 6341 3231 3234 6108 2226 875 1818 3101 1963 1441 2506 4599 3188 2502 4050 2726 144 204 3624 1356 4913 5532 5736 4898 3059 1887 5046 2971 3359 2530 3383 4398 2238 1812 6099 947 3381 1289 3426 2237 4997 3136 1685 3989 5931 1686 6235 478 359 
5492 5308 1146 1147 3212 2228 3767 4419 1015 370 
1560 4473 5431 5778 6107 4900 859 491 4901 2664 5462 3008 2008 1347 2503 2502 
1561 2096 2476 1084 2354 2721 3066 334 5294 5303 3187 1319 1196 1365 1197 5899 3994 1892 4481 
1562 5046 3504 6239 
1563 3716 212 154 767 4760 4898 3066 6148 491 5760 6166 6341 5942 875 859 4124 2664 1892 522 4499 5862 4252 5736 2959 6066 3269 5770 2971 5121 6313 1470 2799 5868 
1564 5548 4970 875 1587 3469 3319 5691 522 5046 5516 
1565 854 2137 4082 4366 4277 1091 4815 6425 5207 5929 114 382 3076 6070 649 601 6306 5762 1551 4230 
1566 3239 3712 3048 1224 4228 3410 5073 2525 5628 2664 3994 3765 1622 1155 1796 710 5960 6155 3407 5146 5999 5516 1551 2558 1063 1062 424 6313 5919 2399 4329 3949 4898 5604 4559 2824 6148 5762 5256 5257 1524 6066 1397 4978 1011 5682 2288 2605 585 5388 2449 3319 1937 6175 5775 5776 3015 5978 578 5033 1908 5208 5130 854 5543 5540 859 650 501 561 1919 4441 5552 5899 2212 4935 4520 1518 154 3903 394 5119 4453 4454 5451 5452 875 1962 4593 3812 891 4318 5736 5046 3054 484 2336 4919 1288 1471 1689 1369 
1567 4289 3495 1265 133 4228 4781 1773 6313 2664 405 6324 403 547 545 4862 6241 3995 3994 3836 3135 5467 1959 1958 2551 6019 2559 5306 2496 2397 4978 1129 4898 3889 6302 1127 6140 274 3387 2544 2303 4726 6066 6067 6308 522 523 6306 6300 2669 2603 2937 2449 5486 5485 4542 2040 4290 5978 5875 5878 1348 4261 3617 3805 3750 3806 2450 3757 6166 1421 2052 1634 1582 5705 5706 859 5110 3998 4442 1864 3724 4860 2124 5717 862 3373 3208 1165 154 5296 5294 4368 4454 1892 5458 2031 2746 1291 1448 2729 5047 5738 4398 4399 2123 5310 1602 1289 4395 3989 
5638 5351 46 1602 2645 3624 1582 6371 6087 1511 
5639 1204 6306 2726 
5634 4898 154 4087 4088 6066 2497 6160 6148 6166 5355 4704 3212 4415 859 3184 2664 403 914 5736 3816 3832 2203 2960 2933 3135 5354 2959 5732 2971 5308 4151 4155 5306 2048 3136 4991 2811 2881 5970 6257 
5635 4366 4087 4088 2847 889 608 4101 3294 448 3672 3651 6166 5239 4704 4925 4415 6207 403 1019 508 890 994 4090 2811 1273 381 2959 5732 5137 4155 4528 5306 5978 5970 5817 
5636 4263 595 5002 195 4322 4325 4240 133 6127 2096 4650 318 172 1815 831 837 6000 4726 3347 1197 1196 599 3187 403 1758 1467 6306 284 409 147 3495 5164 2603 4884 5778 3950 3868 4272 3134 5280 3231 168 1887 4357 4694 2499 4931 5532 1289 4427 3506 2358 649 6031 4805 
5637 2557 3805 4131 2650 4016 5716 5609 
5630 1165 3868 3614 3615 5421 661 133 4452 1875 5139 3329 4558 1198 3128 3129 850 6350 4288 4726 3127 6413 1397 659 771 1547 1155 1151 1948 3932 381 4561 1865 5467 3449 3448 2040 3682 3681 1725 3111 89 1102 2674 1247 2256 5798 
5631 3949 3934 5294 3889 5333 3352 3994 
5632 2912 4366 2040 1602 4395 133 403 2178 6306 
5633 1121 3059 2948 6084 3424 1891 958 3365 1818 5795 323 420 1462 4045 5099 2422 1152 5736 4036 1803 4078 16 3245 2506 5935 2799 723 5705 1744 4588 
